2.404163632315563959e+01
1.715082922248049613e+01
1.278298741586428200e+01
1.265109249399937141e+01
1.243574401710752397e+01
1.099808587120212700e+01
1.229836878150136137e+01
1.173489477539793313e+01
1.453185073696694651e+01
1.400646375160970791e+01
1.223051072883028390e+01
1.251482418773802507e+01
1.224485074681141583e+01
1.215280610789513105e+01
1.166731705279800302e+01
9.059579206196897161e+00
1.287950032951571622e+01
1.277560387366536254e+01
1.181639750343019202e+01
1.381867174585122626e+01
1.332203956233992237e+01
1.135568486253259657e+01
8.699035919318658827e+00
1.222306578863528159e+01
1.007461069560788403e+01
1.100995304782095907e+01
1.203478679582468303e+01
9.515192779212052088e+00
1.008976288707358648e+01
1.432101264589787526e+01
6.361187112231790231e+00
6.979893467876490121e+00
9.790547732033710204e+00
1.019406876926956507e+01
1.123869538986276595e+01
1.122689002109546053e+01
1.340699095916939498e+01
1.084487978668561503e+01
1.030408528978903249e+01
1.446538742753905282e+01
1.278797790941916013e+01
1.235791167330031293e+01
1.148959899345946489e+01
1.418262539593244220e+01
1.318431705351125416e+01
8.608963886861348058e+00
1.304145541744037828e+01
6.675237237049160832e+00
1.190068634693088079e+01
9.998354522524550703e+00
1.238493077647640916e+01
1.236341418393168468e+01
1.369708986485025193e+01
9.638644417509363294e+00
1.092923894637678117e+01
1.439558444516734959e+01
1.283992970941292810e+01
1.256567071227055798e+01
1.404948091593871595e+01
1.277089422763055993e+01
1.326997293465171701e+01
1.376168009739412668e+01
1.399336436511494774e+01
1.058744728398025536e+01
1.428702293311399707e+01
1.326091524508833075e+01
1.253694898263158741e+01
1.398303556428142791e+01
1.152733809198077708e+01
1.105188156550164713e+01
1.005001914464304313e+01
1.204273532534865510e+01
1.171458882636923171e+01
1.414492704302646331e+01
9.219933891567924533e+00
1.113696976534653516e+01
9.692335014803719062e+00
8.425046905957824350e+00
1.310878846125124930e+01
9.299767448828593075e+00
9.699353771098397914e+00
8.919785468818318463e+00
1.073911642799888000e+01
9.979575777394591896e+00
9.845454912813529802e+00
9.022169074042793113e+00
9.947614847845663633e+00
8.162462005459190095e+00
6.399338390184188263e+00
1.062854100615309783e+01
1.071099179751083064e+01
9.724457318878208412e+00
6.625177238251862555e+00
8.564439056217349133e+00
7.596327199565913624e+00
7.782585170176258949e+00
9.010507068042635126e+00
7.925516253344539130e+00
8.715337416876712595e+00
6.295872780508004141e+00
7.685991234840282793e+00
1.054514728304305216e+01
9.796864657333779647e+00
4.517579989953821595e+00
9.738995602127616280e+00
9.043703072176054292e+00
1.214606335594809039e+01
7.338712600577800060e+00
7.818139614297955120e+00
7.226454738497580799e+00
8.602188978815291875e+00
1.121427846865133304e+01
9.596083358753441317e+00
1.067690779447647031e+01
8.708128471541261462e+00
9.912555412756763218e+00
1.418414120186661798e+01
9.516038717982352679e+00
9.602585366992682836e+00
1.059317013141305530e+01
7.778019702414811221e+00
4.920887516441331933e+00
8.238817052117497042e+00
9.014550822216721215e+00
1.211621088064128138e+01
8.850941920458119228e+00
9.819532830901787079e+00
3.896945790334074733e+00
7.426457229533161453e+00
5.616201570648730268e+00
7.645987457150313027e+00
7.976165381279834321e+00
9.367899573157531634e+00
6.091178765050601740e+00
7.047050639423516394e+00
7.111202285502305820e+00
5.489901757803379745e+00
6.889073070402605303e+00
8.123214427221201461e+00
5.882331647862811153e+00
5.503229110592081419e+00
7.221430891783950479e+00
7.290685582583209090e+00
2.876456947016210020e+00
9.300397724768421526e+00
9.490593405683876327e+00
9.473351560563035179e+00
8.420676497252925330e+00
9.425006624884376905e+00
7.863882308978475066e+00
1.198419946138364978e+01
8.879063948478153279e+00
9.549822502039168270e+00
5.375354419142676754e+00
9.546603261430455234e+00
8.773392375602199422e+00
1.044508585583978899e+01
8.796809392555910989e+00
8.224795283291422621e+00
7.223998152648404947e+00
8.699849622061238463e+00
8.884174687305195661e+00
1.117258899082056267e+01
1.049773536168527954e+01
1.037419239439239327e+01
7.878804094493619736e+00
7.095444562166504099e+00
6.738053303928062121e+00
9.619810374106739559e+00
1.050000075663800025e+01
9.434706105495399342e+00
7.044435470695269430e+00
7.822303332616460381e+00
8.326207368835946809e+00
5.814585033848734597e+00
8.283731342649351959e+00
8.985109779617507897e+00
1.006078231748461960e+01
8.299188047022227011e+00
9.965846243815491334e+00
1.261869191978241567e+01
6.132918109571696696e+00
8.341419127457902150e+00
1.001836728252985864e+01
9.015083020793460022e+00
9.586981833613588577e+00
6.648112701677554526e+00
8.886847351416898633e+00
7.580978944943765896e+00
8.043594416430417837e+00
1.064582757604647334e+01
9.970621558462024581e+00
8.963760535611887903e+00
8.697094110361067720e+00
9.273235860163254074e+00
9.621391960261876264e+00
9.726127198217657366e+00
1.174096984323576720e+01
9.845890317466208685e+00
9.986027514214944389e+00
1.063196922760257301e+01
9.945054938419563229e+00
8.775144094023247021e+00
1.043912355142043324e+01
9.447583823687985216e+00
7.215517958677862609e+00
7.846601020163191720e+00
1.001809031467611888e+01
5.689317666737779611e+00
7.618924072893581645e+00
1.058325813522694503e+01
7.992657670515666446e+00
9.495369931003279973e+00
6.215340380405470100e+00
6.300803162375696154e+00
8.686419505763771198e+00
8.108207943432875098e+00
1.005416172533805153e+01
1.398304343408590000e+01
1.084333240013893374e+01
1.142937997375034875e+01
9.639779646218327613e+00
1.272461639007708278e+01
1.094902880798094635e+01
1.140222339944848073e+01
1.247036552539250032e+01
1.183306979384438407e+01
1.029824406186230235e+01
1.199795005344447318e+01
1.299181263862624114e+01
1.065370454011328327e+01
1.281755546381729438e+01
1.403095565438552939e+01
1.225015769488446260e+01
9.789761413987607241e+00
1.164930730974191775e+01
9.231726165897573111e+00
9.829731064998377121e+00
1.239611222797270962e+01
1.451727463750779101e+01
1.118098214936332724e+01
1.379619579261624729e+01
1.204670113715274660e+01
1.240154719420082863e+01
1.242240422606292150e+01
1.268788621412605266e+01
1.379712349694833406e+01
7.984159774065950899e+00
1.025750122860704394e+01
1.174275463804816866e+01
1.145640244270176389e+01
1.437370112243441866e+01
1.015304929405843914e+01
1.187763004482370555e+01
1.137507441710249623e+01
1.068757055658422139e+01
1.189907447202432245e+01
1.026924671774081865e+01
7.184545329691267135e+00
9.130772859567665378e+00
9.997171366561701689e+00
1.128756880416704433e+01
1.086217143904780613e+01
1.198949545506242131e+01
1.138127247470671044e+01
1.340719017526672907e+01
1.207727325197015844e+01
1.207037091949811902e+01
1.232604482814441305e+01
1.351351003587213029e+01
1.304003560203616452e+01
9.555680786278959005e+00
9.294836816072834296e+00
1.074176609935298288e+01
1.101877296791849759e+01
1.389993982505283299e+01
1.497599919153400805e+01
1.294749424864918552e+01
1.268126818978690551e+01
8.289856739284632070e+00
1.218628554156799559e+01
1.218636263758181038e+01
9.466859840309897578e+00
1.215382257447265957e+01
1.070482490122257246e+01
8.562048034059364099e+00
7.534068754274815483e+00
8.590196520575451800e+00
1.160413916241472343e+01
1.070736083450635689e+01
1.120809345508856403e+01
1.066130958393794081e+01
9.000189569656511068e+00
1.072787867616597879e+01
8.797084959717714980e+00
1.365437576607845216e+01
9.678509632413071273e+00
1.039501835159975762e+01
8.850290730582203835e+00
7.407412692115289410e+00
1.136229189446148702e+01
1.252918438295665204e+01
1.117290094634773290e+01
9.448997466822850910e+00
9.476211108110636161e+00
9.712247177463463998e+00
9.891528514184789955e+00
1.149916768266697176e+01
1.073837482038044655e+01
1.357996716171831508e+01
9.671235952345609732e+00
1.135034705229269569e+01
7.450161630600277363e+00
1.060066075654824402e+01
9.535244695800582093e+00
1.285767565384821509e+01
8.815452200951646944e+00
1.056142032170374456e+01
1.179678752942058573e+01
1.062211393999629649e+01
1.166359842189003793e+01
1.066091200166096087e+01
1.055460508458500080e+01
6.841999335976811203e+00
1.108426552728177406e+01
9.017914454422225390e+00
9.913494390811958823e+00
9.711759270441580938e+00
1.021360582361965186e+01
8.388046137409219227e+00
1.012386854686285531e+01
8.960600040429568480e+00
1.077935812633561419e+01
7.265008445605322329e+00
9.511287894485363381e+00
9.573634165066629009e+00
7.778727405141213858e+00
8.388848474902308894e+00
9.064842317695884333e+00
8.950199290865306523e+00
1.176893478315346186e+01
8.396379619701018981e+00
9.244331974288508391e+00
1.323518289985684149e+01
9.270624272943214450e+00
1.055707784734904742e+01
1.122060566923038927e+01
1.264296978651709580e+01
1.003071886452618422e+01
9.804844091425556130e+00
1.274627871288109482e+01
1.361758545132105525e+01
9.284505732743578932e+00
1.165327696502068022e+01
1.097588949748570819e+01
1.017528073198598548e+01
9.897746433724931236e+00
1.127007239114639248e+01
1.061981939920932838e+01
7.982111732524247216e+00
1.146846141848284617e+01
1.053532916704546629e+01
9.664447484573463143e+00
1.129782837074546187e+01
1.014466496434165599e+01
9.160676243535689878e+00
1.092662004570088641e+01
1.223420481665589499e+01
9.854243413667436613e+00
1.000178220890477832e+01
1.075369861660656490e+01
9.206017385559794874e+00
1.310574480248898865e+01
1.018490738080702940e+01
1.034107500082084741e+01
1.086164977550942012e+01
1.111042202802067003e+01
1.255245414299757734e+01
9.542916045118097657e+00
1.087571962543539250e+01
1.004287564915611419e+01
1.090303705148168234e+01
1.161486356369126760e+01
1.276427567124386364e+01
9.518648633424081851e+00
9.960951157685231649e+00
9.928949831014033833e+00
9.297682840318941544e+00
9.921776571614920215e+00
1.178998508827442215e+01
1.100297017177195791e+01
1.169065696076309813e+01
8.231680859527518379e+00
9.685494682536392119e+00
8.351106684271233149e+00
9.854299948618471916e+00
1.063940767375750696e+01
1.011552456125869348e+01
1.026764670813354741e+01
8.883958334174197446e+00
9.419464782778188550e+00
1.149031462471747389e+01
1.071517861128189253e+01
7.208278167169285489e+00
8.769859438163020826e+00
9.014056846128145395e+00
8.302461731703660419e+00
8.193563186418213462e+00
9.030709248987690785e+00
9.945896008355950002e+00
9.024656829040591077e+00
1.005392434858988082e+01
7.493680590906413919e+00
1.062449132671795482e+01
1.018296684781301664e+01
1.067624747386134665e+01
1.012447950111350181e+01
8.965430460397298518e+00
9.454407800683771512e+00
1.020640563712668403e+01
1.040808874281995244e+01
9.335618579786668647e+00
1.002386845799894921e+01
9.803568529349416139e+00
9.740918826324810098e+00
1.031628807084099364e+01
9.408519612871391047e+00
9.945350443764031212e+00
1.067434361187483738e+01
8.739824057684039360e+00
8.837996891731489058e+00
9.134270457362951845e+00
7.372729343293786819e+00
1.048875035187430349e+01
8.267791779864310797e+00
8.572318824040014107e+00
8.785089325106005376e+00
9.762863289374967835e+00
1.035161418680122480e+01
9.589792239644863159e+00
8.415112534695726509e+00
9.407154336015601359e+00
1.005562868677902877e+01
8.013126072483855111e+00
8.922057909877079140e+00
8.812630256551507557e+00
9.869306298810061051e+00
1.049772740586579012e+01
9.632729882423378243e+00
1.133569911066363289e+01
8.845776893052519796e+00
1.068098590549183058e+01
9.234363211895413315e+00
9.253233229672682469e+00
9.758995609909950630e+00
1.002388355068099379e+01
1.038110195704413385e+01
9.749596372488607443e+00
1.073426302640192098e+01
1.029564911218612977e+01
9.691703002081906604e+00
1.061393399675047888e+01
1.072196870433647931e+01
1.031806220202387081e+01
8.811101877347562450e+00
9.008218176082134931e+00
8.207825866582306062e+00
8.739576811609630624e+00
9.083578375306215591e+00
8.527685792516713548e+00
1.034429162419253068e+01
9.027582505650523004e+00
9.400649377352474190e+00
1.037325493601543869e+01
1.064254195956773863e+01
1.051467706442214833e+01
1.072988379890107957e+01
1.064200165852923519e+01
1.140893395450517467e+01
9.872760760285311576e+00
9.652583238292127277e+00
9.773072859776943844e+00
1.187719872730865944e+01
1.311913247021913698e+01
1.341595690772401817e+01
1.493088490345703079e+01
1.401819386108239129e+01
1.573874005654475283e+01
1.723706591491379214e+01
1.641428385134734569e+01
1.598912841250302463e+01
1.552009343997324287e+01
1.586867893898799586e+01
1.463962001300906657e+01
1.389697331394921243e+01
1.351665962472208626e+01
1.378717010992006031e+01
1.264452920260121438e+01
1.202921037832531326e+01
1.165115420170884164e+01
1.116335458853414764e+01
1.129366344731462135e+01
1.092597215072942518e+01
1.093384100253000923e+01
1.150872385710699852e+01
1.172417237466528661e+01
1.287287378677262950e+01
1.471366927081099973e+01
1.536582577756227153e+01
1.574177145667663957e+01
1.591373744697480319e+01
1.778754980019344956e+01
1.821727630248469865e+01
1.851778561733359751e+01
1.833735281002140738e+01
1.889542345072181107e+01
1.943288896757807649e+01
1.964947255077621335e+01
1.966152532212814208e+01
2.084321305744943942e+01
2.003737949976697408e+01
2.032011901104998230e+01
2.067348313530474613e+01
1.907609741464921527e+01
1.831770952574079914e+01
1.953515955130459147e+01
1.932546824752083481e+01
1.939747760036023649e+01
1.813996004936117146e+01
1.617356338190459297e+01
1.911620574597628774e+01
1.944083688870938076e+01
1.994143512179554989e+01
2.010247162811628741e+01
1.908852125685928769e+01
1.606910423885019412e+01
1.727530098735457642e+01
1.676401875982919520e+01
1.807789440828341654e+01
1.697084267724553186e+01
1.849173547114851246e+01
1.903421513696558875e+01
2.052332725396642488e+01
2.221098113536028151e+01
2.147554744039758745e+01
2.027693242417955943e+01
2.082241099408500418e+01
1.883519094148564932e+01
1.986280081080744253e+01
2.077428290058663407e+01
2.043616185103271832e+01
2.012394052589540294e+01
1.892089288090092225e+01
1.972508951089963958e+01
2.112919735286358502e+01
2.021603900129042231e+01
1.992837299652024541e+01
2.005672708022240158e+01
1.909051003706480287e+01
1.951352111542963641e+01
1.709925152927633363e+01
1.830332946623067869e+01
1.753190854129055154e+01
1.942373200651191922e+01
1.818209469556805402e+01
1.732963109321323358e+01
1.849590794603618349e+01
1.925240554383554681e+01
1.820062953636404401e+01
2.055092216375516045e+01
1.867672534626871084e+01
1.757551318748232205e+01
1.748838496764390982e+01
1.610311142061391010e+01
1.832762146116302304e+01
1.701688457606236327e+01
1.701472573500909391e+01
1.823909842938497405e+01
1.949201410956793978e+01
1.979438799426631945e+01
1.901926868904431345e+01
1.862418409332767766e+01
1.936609698741502683e+01
2.149409535157007767e+01
2.148582096836934241e+01
2.095176291313601880e+01
2.042698367836095130e+01
1.850118671650761470e+01
1.940405975344115319e+01
1.810499303657206838e+01
1.969499112853200273e+01
1.810177229734878779e+01
1.892822061535126821e+01
2.015153674075209977e+01
1.825209821770441820e+01
1.885567701716511380e+01
1.862271258459493239e+01
2.007157726856803137e+01
1.857731954103345728e+01
2.104115365391589521e+01
1.784605430064946319e+01
2.037771491100454924e+01
1.696240610566175633e+01
1.878088000355591447e+01
2.049277829399422401e+01
1.948923764870482245e+01
1.825963326595526226e+01
1.872831417272325538e+01
1.883116974788626763e+01
2.018797749964566179e+01
1.969900633521794830e+01
2.009550328182954360e+01
2.086370882933060145e+01
2.027959190494685515e+01
1.911732677989756368e+01
1.913844909600380717e+01
1.856330763501862080e+01
2.014535297049772922e+01
1.970404016456649643e+01
1.942769409564093763e+01
1.863377036371713658e+01
1.953790914955057900e+01
1.711787026507417053e+01
1.924234333965761579e+01
1.949845351437980057e+01
1.926077408379059719e+01
1.765206141816528529e+01
1.981241096632646048e+01
1.932295031828516230e+01
2.005380510901639113e+01
1.831789151269044069e+01
2.041181576941187714e+01
1.894498966421937780e+01
1.713079756499761075e+01
1.888785165721949255e+01
1.888946181199639085e+01
2.028050624434730764e+01
1.918303414482643632e+01
1.978360170107647065e+01
1.961256650158617632e+01
1.897088660150043182e+01
1.785551799339539158e+01
1.932149380285492057e+01
1.840233966051905412e+01
2.038714246900276450e+01
1.725302540649382266e+01
1.846370521240041995e+01
1.839247170795281505e+01
1.742120119302351711e+01
1.892610843870015458e+01
1.692649797268467182e+01
1.929913687101648279e+01
1.828110183929542032e+01
1.823524683138045788e+01
1.958345683874048504e+01
1.754190274590833099e+01
1.840213358018252521e+01
1.759592732210785471e+01
1.854173554014500880e+01
1.913915031600994610e+01
1.766661205414960634e+01
1.976340310243516285e+01
1.808324169827440997e+01
1.826048658140894076e+01
1.936038989715338232e+01
1.770411366146475274e+01
2.010915216524145066e+01
1.883500056601843298e+01
1.992940348527385908e+01
1.921327781307650540e+01
1.809440135577832720e+01
1.795466959781684579e+01
1.914858558922597709e+01
1.820738750778929926e+01
1.794551693551913019e+01
1.812695980261712236e+01
1.933170901800357200e+01
1.903582923504548319e+01
1.928626453837943089e+01
1.765773963126509827e+01
1.744072968598145934e+01
1.665952472876021773e+01
1.803192579419442509e+01
1.655339857209403220e+01
1.727094215509123387e+01
1.757634673012298165e+01
1.753782591423777859e+01
1.610658765319717389e+01
1.617403211449391875e+01
1.800727014726403752e+01
1.694302084562306021e+01
1.776909990609916079e+01
1.759448054704083475e+01
1.625073365004897141e+01
1.863056513620933075e+01
1.635166893193226301e+01
1.784927975467928363e+01
1.897580864333464845e+01
1.885354773092786829e+01
1.764404426105738466e+01
1.957214900321414675e+01
1.775029808241369267e+01
1.735193585699432361e+01
1.923353648515750436e+01
1.689318088806351525e+01
1.531281899366227783e+01
1.834769128274682970e+01
1.735118413934977966e+01
1.836029020464305006e+01
1.722320369329277412e+01
1.639622848355255513e+01
1.942516623135490050e+01
1.609056093510332630e+01
1.728994033470592839e+01
1.807038883772375826e+01
1.942091130590274872e+01
1.858067900771503389e+01
1.999595119750972572e+01
1.908507069301052539e+01
1.836901474414526447e+01
1.810968130782514862e+01
1.913072390688825308e+01
1.986670918984037471e+01
2.055109667581873012e+01
2.003419142951784693e+01
1.928244479140022705e+01
1.950329507810796414e+01
2.030515588316834297e+01
2.035520772714640003e+01
2.031890589143160142e+01
2.046004126078662466e+01
1.966178485881349403e+01
2.093399796072267449e+01
1.917796769499455323e+01
1.931016274442385594e+01
2.076209573596864288e+01
1.674163398853270834e+01
2.040257105133909121e+01
1.836635438716972502e+01
1.952017862005053317e+01
1.973475261609850762e+01
1.863622330306774089e+01
1.856213097230358855e+01
1.946610401295039949e+01
1.993275506936402053e+01
2.039772193730627237e+01
2.056435023880128909e+01
1.890863520192307590e+01
2.023797679183079978e+01
2.061076056644078491e+01
2.121809630139943437e+01
2.021947196524300239e+01
2.037717580183064570e+01
2.180730005089703738e+01
1.960588556902166246e+01
2.056525469541807993e+01
2.078445139426941424e+01
2.101722356644944867e+01
2.119398587353676078e+01
2.034420413035190478e+01
1.896590415757376036e+01
1.914888046571557112e+01
2.003081363026313966e+01
1.839228006575090291e+01
2.046926562911507830e+01
2.031757157308923567e+01
2.050726330467905001e+01
2.094794076969177254e+01
2.033002447250897404e+01
1.818203415451473504e+01
2.051094772267811805e+01
2.096833004828903668e+01
1.802268200299152667e+01
1.952587135720832734e+01
1.830919132189282195e+01
1.910629766543656061e+01
2.023686598357873123e+01
1.996605265681607833e+01
2.040883282490188932e+01
2.085582837714225946e+01
2.081643469229693721e+01
2.028245188788826070e+01
1.858621788588152057e+01
1.985332393101471382e+01
1.956727380036790720e+01
1.846688625756427626e+01
2.132406158587189537e+01
2.035397673911458938e+01
2.060918384913689749e+01
2.024801854636187315e+01
2.142605338171315310e+01
1.910463676981965264e+01
2.007191894086327366e+01
2.004055969665902381e+01
1.944667500063966514e+01
1.899583527004291739e+01
1.976853733917055678e+01
1.862729343754168099e+01
1.965129000771455381e+01
2.152243629758632082e+01
1.996650859844228521e+01
2.030189950355449469e+01
2.001244819785217643e+01
2.003104803382198185e+01
2.025053258190158800e+01
1.918704436499647414e+01
1.826339694178946971e+01
1.820968672404236699e+01
2.125687545297761005e+01
1.938669681812806900e+01
1.859938801577842682e+01
2.053949889966869335e+01
1.777552612950126942e+01
1.920966191020986358e+01
1.668483915522981675e+01
1.885147507401452671e+01
1.893894009543766899e+01
2.065211593661130962e+01
1.853838384304218323e+01
1.922078056891167464e+01
1.881846039222883604e+01
1.842972038785121924e+01
1.736867990693625785e+01
1.982361019565086480e+01
1.922780184933627368e+01
1.882325885585388647e+01
1.783509605379664009e+01
1.909554028320022567e+01
2.078596867411901172e+01
1.891338310317011207e+01
1.947522360631233340e+01
1.824713857219257207e+01
1.978393897415996960e+01
2.122617979915740349e+01
1.915612899526007951e+01
1.990750479686484198e+01
1.898307927019356711e+01
2.110397408435427735e+01
1.772107983404797338e+01
2.019020869714157485e+01
1.979189008222281743e+01
2.078043463483614772e+01
1.915011900377916021e+01
1.878165330597377292e+01
2.035242856045424631e+01
1.985869878884674833e+01
1.855093705151117334e+01
1.824413850868062426e+01
1.915083799439683787e+01
2.065934418775044179e+01
1.902403328439482522e+01
1.929696751444802061e+01
2.014689826433597375e+01
1.930046773442723307e+01
1.895841530736996106e+01
1.847056962653301326e+01
1.893336401640975453e+01
2.182218519522175981e+01
1.884653866255113286e+01
2.095121260949763808e+01
1.777899776106005802e+01
1.891762775879250569e+01
1.845945565923330278e+01
1.851362088785324644e+01
1.884284906346249144e+01
1.913513054293523652e+01
1.834838711361235042e+01
1.959930861573888450e+01
1.865009082582608713e+01
1.953282359479791452e+01
1.864103325895822394e+01
1.889093642767749515e+01
1.885200028150998364e+01
1.894932610847968490e+01
2.055166763916161443e+01
1.976015462105061715e+01
2.029847471993697994e+01
1.787889281827190047e+01
2.058524886869232162e+01
2.017329023665677212e+01
1.892529218336211727e+01
1.885247170663899396e+01
2.084534721843370875e+01
1.878640084483772199e+01
1.918888924383391981e+01
1.761870980474352777e+01
1.845067595845298314e+01
1.961589376585646960e+01
1.815093959964796255e+01
2.047920825229302366e+01
1.863705276918634723e+01
1.863165300488990184e+01
2.106890164638084428e+01
2.057017628282470056e+01
1.924526667054572826e+01
1.866230718949587342e+01
1.891467681497937292e+01
1.876831309052479924e+01
2.017810723179970012e+01
1.952427849622938894e+01
2.011253925538533593e+01
1.856305044356464862e+01
1.855665009892703310e+01
2.129798554051311044e+01
1.811116216265228829e+01
1.957174804309956428e+01
2.048193218471856625e+01
2.012905914080403846e+01
2.041816636887233471e+01
1.921771599240148731e+01
2.119142894483004014e+01
2.033264019899938191e+01
1.968682248624755360e+01
2.100060683973526920e+01
2.068991098745147994e+01
1.859353921396437315e+01
1.951879435138357621e+01
1.987015748986049601e+01
1.839309169125170129e+01
1.921802921044197277e+01
1.890438197911040419e+01
1.952754821609125813e+01
1.845164767999414934e+01
1.843636926835188916e+01
1.944177747041761606e+01
1.890062654636879458e+01
1.864548999777662175e+01
1.843268679278250488e+01
1.785582240079092742e+01
1.813166513242860844e+01
1.958147745541982943e+01
1.821358164658620638e+01
1.712422593447574570e+01
1.752582715446358108e+01
1.853127260202840176e+01
1.718442057406457124e+01
1.711848201044301732e+01
1.949418151594201021e+01
1.794099820744729357e+01
1.870962354265508409e+01
1.765041144139067697e+01
1.850150902814031539e+01
1.926723773322245492e+01
1.850056028489218107e+01
1.989694183122553284e+01
1.967392736159562361e+01
1.898719694059847285e+01
1.857983573026482915e+01
2.018449929034930079e+01
1.874200465219280787e+01
1.805151085953032819e+01
1.768689954473848047e+01
1.875265284543037225e+01
1.817053766762832723e+01
1.801501502352451567e+01
1.694459063531909138e+01
1.684005477145003482e+01
1.892599878340753605e+01
1.906013501943995792e+01
1.742402634952358653e+01
2.032865373299158307e+01
1.971124079928612716e+01
1.891692505956505599e+01
1.688656543737897664e+01
1.937662119141868544e+01
1.865076856327311461e+01
1.812994147215179197e+01
1.944714058388465361e+01
1.831598370374893037e+01
1.776280705039895480e+01
1.997559213516390741e+01
1.819616947149449615e+01
1.842171670443775255e+01
1.871768474897687540e+01
2.000674768961808070e+01
1.740634741374243077e+01
1.929758002398175520e+01
2.024854877476217041e+01
1.952835022378122787e+01
1.845871357663437351e+01
1.636501965260409364e+01
1.756590945842453522e+01
1.889113102187181070e+01
1.784301525457150817e+01
1.794178460828795352e+01
1.892057563210350679e+01
1.914800623311765193e+01
1.676422737067060709e+01
1.703107509282517285e+01
1.798072314841945030e+01
1.774007732425630479e+01
1.965936874540206958e+01
1.813510769937619216e+01
2.018806450799916874e+01
1.787092688496830561e+01
2.033840917995685871e+01
1.868514296236144290e+01
1.996943336001672265e+01
1.922246785643560685e+01
1.932440630964133632e+01
1.737609647802764101e+01
1.910304895755517762e+01
1.842434357260913558e+01
1.837822616435162004e+01
1.907119821001152715e+01
1.709272178746617499e+01
1.951657353104120673e+01
1.793481633599147784e+01
1.993811631961064990e+01
1.904584991670544625e+01
1.861188791781967566e+01
2.023347272480280878e+01
1.925152854486323406e+01
1.749531067698948306e+01
1.761995778528036993e+01
1.820142672841514653e+01
1.861581800135585851e+01
1.904596097956734013e+01
1.834053690655653313e+01
1.846525624456191395e+01
1.941793797223321860e+01
1.935289620893110296e+01
1.854799715085860612e+01
2.028543307475591462e+01
1.854094362983180844e+01
1.870858619087266561e+01
1.940908021754638568e+01
2.084580045198797293e+01
1.772725543461927700e+01
1.922786367089916126e+01
2.008149128685339591e+01
2.026240750246087075e+01
1.918277747412937373e+01
2.002930091133776713e+01
1.859916763250668126e+01
2.139689986177626935e+01
1.967044574387819011e+01
1.975737168827943435e+01
1.861007998667078667e+01
1.828201175756731800e+01
1.911278150309863832e+01
1.949952852481389343e+01
2.122466209825692118e+01
1.997977127418679544e+01
2.075828932273343952e+01
1.963238582621797690e+01
1.990066502605009902e+01
2.079572117513631824e+01
2.050996724059836396e+01
1.860504535670453308e+01
1.852182097332648425e+01
2.105153957093214245e+01
1.897309792399851602e+01
1.892612533984519274e+01
2.083164458966946242e+01
2.058201922099658532e+01
1.816881517865433793e+01
1.999793544558847813e+01
1.984672530984673244e+01
1.982723282954284727e+01
1.965236039455534467e+01
1.931014206865182459e+01
2.011281346174194695e+01
2.021336760131729804e+01
2.083025913249215577e+01
2.084304770116397876e+01
2.067727326170959401e+01
2.133663670225229581e+01
1.833572805400527983e+01
1.861563612017409142e+01
2.075956370706433773e+01
2.013890776211384548e+01
1.968451894511791878e+01
1.949439602221250212e+01
1.829270008615126741e+01
1.997868512621171533e+01
1.873191568376255134e+01
1.825128754401243825e+01
1.939265487541893052e+01
1.757444844044615806e+01
1.867742098663410033e+01
1.637474371356137937e+01
1.765911903699081620e+01
1.930174744668727982e+01
1.837685007865410469e+01
1.772610536238556733e+01
1.823002592037997971e+01
1.941399459159520191e+01
1.910715798528463338e+01
1.734234918919912971e+01
1.931132910476431164e+01
1.919437997960020326e+01
1.668084187326502743e+01
1.933560284480348912e+01
1.795677854576361199e+01
1.741458567341637576e+01
1.921866396493952678e+01
1.688100524422269899e+01
1.777008854090241385e+01
1.660739840519783073e+01
1.761238418980024534e+01
1.831357849548136585e+01
1.666759042484799025e+01
1.835678464645147301e+01
1.733815024830561669e+01
1.756775220800109949e+01
1.823039716204190341e+01
1.844375806772858084e+01
1.714656798019110440e+01
1.850479960542486779e+01
1.754571275373842809e+01
1.944138670219388132e+01
1.771127798712301527e+01
1.797896543755224030e+01
1.901485513729811316e+01
1.828745726355578682e+01
1.696036174580065747e+01
1.828561771613867037e+01
1.729657535105439692e+01
1.892002554727953623e+01
1.590954950944246349e+01
1.854781709772277409e+01
1.700093133488784503e+01
1.678417812949157195e+01
1.591687231214522136e+01
1.762514672732718779e+01
1.539193971683778628e+01
1.650983715283333808e+01
1.773876153061170768e+01
1.744958530640981920e+01
1.709544141792915894e+01
1.663004635086581118e+01
1.668222319338875437e+01
1.689504777593131024e+01
1.690031676313778419e+01
1.733407515187236214e+01
1.866211185261255778e+01
1.738962238400558036e+01
1.651731006577763594e+01
1.704022059599349603e+01
1.846966674009852127e+01
1.626280575892196367e+01
1.615832380075823238e+01
1.660115849133738308e+01
1.759495897122486952e+01
1.735117770332698584e+01
1.592549228743288126e+01
1.635254415786146964e+01
1.543692954619527313e+01
1.674309170978867911e+01
1.594516361735912824e+01
1.558618026423964764e+01
1.756884678339584482e+01
1.728203608444937345e+01
1.729451470081135867e+01
1.700116329902367340e+01
1.513632383168657825e+01
1.656503990294696038e+01
1.645941408922871929e+01
1.672821797621205775e+01
1.609585831655823895e+01
1.542214643443964484e+01
1.567970115672318165e+01
1.708874328508937879e+01
1.575361924127996893e+01
1.645602781960148420e+01
1.593322311240008737e+01
1.852083190583240579e+01
1.600961935957940341e+01
1.694722606982718816e+01
1.656659428408656609e+01
1.750752659759129415e+01
1.659908776506206252e+01
1.769498994376294121e+01
1.614809235029818169e+01
1.535184692652508609e+01
1.779530438078811017e+01
1.403338735862966757e+01
1.695665259026458571e+01
1.689005032964057662e+01
1.644045675567286580e+01
1.618700603440665731e+01
1.665736904624364456e+01
1.749523487392425736e+01
1.649854370204267795e+01
1.719833905700313537e+01
1.679462967062490719e+01
1.559534830708209086e+01
1.524394521962570082e+01
1.689955802553624764e+01
1.647663941412124444e+01
1.533002085649335733e+01
1.629725819728462355e+01
1.779505969268262788e+01
1.579717098477949477e+01
1.612482237097815485e+01
1.671741765688949499e+01
1.592857983222888052e+01
1.697590997150518888e+01
1.548058996445717739e+01
1.453440372735958341e+01
1.670188528567078379e+01
1.540636704048372430e+01
1.654309716700193178e+01
1.518608565134296384e+01
1.651904638767821965e+01
1.793281231171019030e+01
1.578442050351651638e+01
1.752170365276973740e+01
1.563324594104788190e+01
1.783524815364703642e+01
1.634521272464349551e+01
1.729737788334873372e+01
1.836946120158471629e+01
1.647356859422916386e+01
1.586405735508005854e+01
1.762060865404792409e+01
1.810839790746377886e+01
1.613555069263855657e+01
1.736743928317838481e+01
1.821409099897585548e+01
1.785023012830141909e+01
1.947573859175612299e+01
1.844369749919421864e+01
1.844272959771984333e+01
1.768233568573979753e+01
1.843819221531160935e+01
1.809971616662380356e+01
1.984690275130749626e+01
1.927498969070678925e+01
1.706583279966816846e+01
1.779674270626020771e+01
1.740450084398423769e+01
1.601353391697355733e+01
1.873076559335673252e+01
1.829315882913638092e+01
1.768306356939281443e+01
1.847278087664914992e+01
1.805472100434361948e+01
1.884274228711726806e+01
1.916197574639654633e+01
1.811497322345620731e+01
1.903090090184751659e+01
1.745066560018392110e+01
1.754678029763327629e+01
1.741021914830500350e+01
1.727065727315412857e+01
1.845929284341226406e+01
1.720004289319482993e+01
1.964696702422466501e+01
1.852134380169634298e+01
1.970239016759027351e+01
2.020506865197142332e+01
1.834507888807727483e+01
1.871940673623625528e+01
2.110911842591251286e+01
1.934212914045872367e+01
1.951437518749440869e+01
2.090794561955611996e+01
1.981033667385241870e+01
2.084124046511715278e+01
1.859862126013072370e+01
1.939315165466171820e+01
1.963701453670555708e+01
1.948769961593194111e+01
2.035364687374441672e+01
2.033283209371369082e+01
1.905966751872883336e+01
1.924860823642180563e+01
1.973490999192592454e+01
1.955208077450032533e+01
2.098047931637573171e+01
2.016757694707528259e+01
2.064122401951202690e+01
1.855305809304249820e+01
1.956094265476861338e+01
2.114263621197673260e+01
2.013362378575828515e+01
2.017157991728413791e+01
1.965109307585750642e+01
2.050453617991057342e+01
1.989131270649827599e+01
1.987220312756045004e+01
1.993503559909392209e+01
2.100577387171449928e+01
2.150320775545969809e+01
2.105229226951417587e+01
2.049409281794851978e+01
2.040277413137349782e+01
2.036280704187235457e+01
2.051145454952736813e+01
2.100337677624658994e+01
2.022307711547782105e+01
2.058056662127276937e+01
1.985050699533209695e+01
2.077641123202669959e+01
1.793895191572436687e+01
1.996167645669515167e+01
1.883925758099508485e+01
1.852601767260971499e+01
1.826863021046706947e+01
1.794686633908721873e+01
2.060703430342637787e+01
1.928632336874701991e+01
2.023718325386164807e+01
1.893942311002292556e+01
1.992724435888860768e+01
1.903186417204690528e+01
2.014855526796468510e+01
1.945987356399676926e+01
1.914740343581183879e+01
1.953381135160718785e+01
1.944133281426902826e+01
1.994854551694307432e+01
1.869016447009558135e+01
2.130621872912302806e+01
2.017065758220385518e+01
1.884096475759941569e+01
1.762941407538178495e+01
2.021854398698989641e+01
1.944376049674569273e+01
1.831251232280355268e+01
2.025832195693762117e+01
1.808322479393242688e+01
1.865207926292539753e+01
1.883999136040351985e+01
1.895784410586008306e+01
1.818695326380161248e+01
1.901851485669583042e+01
1.878060449065546322e+01
1.788256785544421135e+01
1.935934938331088162e+01
1.798218885810863910e+01
1.909474354273339003e+01
2.078324783990418823e+01
1.966661647062355911e+01
1.966329471328689493e+01
1.958093266051022496e+01
1.987037931953603476e+01
1.970731073079571161e+01
2.029968997872783376e+01
1.876056760998352857e+01
1.901672709341555745e+01
2.037638384027191663e+01
1.960898391215464187e+01
2.054338149131429603e+01
1.948705848766702786e+01
1.987258808222332718e+01
1.948762902648797990e+01
1.921828829727344612e+01
1.906141241853244139e+01
2.015995894639415553e+01
1.902233940146692603e+01
1.890312031118184422e+01
1.938188608762557053e+01
2.122042346715669936e+01
1.998490530425999268e+01
1.978904331573334119e+01
1.932542478919066653e+01
1.890367481123576354e+01
1.823609569627902260e+01
2.017198452912662532e+01
1.732538895920651356e+01
1.742623968140443935e+01
1.937889722804823833e+01
1.847644175999414884e+01
1.876336647541684144e+01
1.894813634573438677e+01
1.880848529193822216e+01
1.995911486015645053e+01
2.053123860495322717e+01
1.835629659688994764e+01
1.876578275316304101e+01
1.866715112756817163e+01
2.014714634770625779e+01
1.818601557718261574e+01
1.945862255390641593e+01
1.990872798885203920e+01
1.813922647480380945e+01
1.843074975073259125e+01
1.930491042093485277e+01
1.977507889260460416e+01
1.878403152428311884e+01
1.964315374940441927e+01
1.933572202393274608e+01
1.993936679299496717e+01
1.914549000226507758e+01
1.901672847583131087e+01
2.005092891233578101e+01
1.973954704863880494e+01
2.047865465806705743e+01
1.764683513257229208e+01
2.082083401365633790e+01
1.822888568868111037e+01
2.138995606752962431e+01
2.092031906534550245e+01
1.953485598065044826e+01
1.958279778561776396e+01
1.940848431910439942e+01
1.820138536985622935e+01
1.897502050984478217e+01
1.987495696209121121e+01
1.978402441033087911e+01
1.897726063572557820e+01
1.768654995229097082e+01
2.020853691437645239e+01
1.883819854418380402e+01
2.068109525381567337e+01
1.971780395236023509e+01
1.891815640400377774e+01
1.756065429407636103e+01
1.952923458261190248e+01
1.874477881534392765e+01
2.041914948733299795e+01
2.097210851940986842e+01
2.047941473090086362e+01
2.071101849440223219e+01
1.907300945168250550e+01
1.940318599272644562e+01
1.929137415412379752e+01
2.072529992259799769e+01
1.854356380679118743e+01
2.034830851984567701e+01
2.004634743299431321e+01
1.955970660628160829e+01
2.038635121264651673e+01
2.039378815221640906e+01
1.859409164163028549e+01
2.027454952894726503e+01
1.964619623128573167e+01
1.946179101615832252e+01
1.859716189998355063e+01
1.808976251900337928e+01
2.040738817914313685e+01
1.920925722993185047e+01
1.856378982022301116e+01
1.948311085329257963e+01
2.051401724330738219e+01
1.861092298607852058e+01
2.052332332079528499e+01
1.845197018367768038e+01
1.814570756611344393e+01
2.081149734419534525e+01
1.872619275041399334e+01
1.907653458051248307e+01
1.901493457237577189e+01
2.039562201409991715e+01
1.988785025540193629e+01
2.023796983505172520e+01
2.088572525188858364e+01
1.956612414961592705e+01
1.990169370368143831e+01
2.005389883512422244e+01
1.895245467512778603e+01
2.035625101058889896e+01
1.927118159863014313e+01
1.975599624223955786e+01
1.912715821760757251e+01
1.805228731188985947e+01
1.838558174664755640e+01
1.769754523656444789e+01
1.804543096886423115e+01
1.790127321777541525e+01
1.772004534276774024e+01
1.926536101442215809e+01
1.980720407000929484e+01
2.023159270893519945e+01
1.717707401673866485e+01
1.800464457968281806e+01
1.820558706471489430e+01
1.704998345096947432e+01
1.818736587401598115e+01
1.844082482689006142e+01
1.666964138232348347e+01
1.955798673875003857e+01
1.741472814720837903e+01
1.799086706934621560e+01
1.740756993998164148e+01
1.915003238150834619e+01
1.673285408501117999e+01
1.800218149462579831e+01
1.844761585858910991e+01
1.663958952427550742e+01
1.680485567393462532e+01
1.601098226850993100e+01
1.749023279061458780e+01
1.644085498560421144e+01
1.757186170119633672e+01
1.642550063837462559e+01
1.708660768321618662e+01
1.499692250931873083e+01
1.671547603480759747e+01
1.595893869898688244e+01
1.620108946775942016e+01
1.450766400888364238e+01
1.531486099839445458e+01
1.436441974548803380e+01
1.677042681041803007e+01
1.607460228760303877e+01
1.844037047827105624e+01
1.692059508636835830e+01
1.661607452749658975e+01
1.612601337992264661e+01
1.649343271811390110e+01
1.691327289194704520e+01
1.478656621788448255e+01
1.600139547588960909e+01
1.631161839005476111e+01
1.705618039429107924e+01
1.699723089284303157e+01
1.746794645266439261e+01
1.537561506249258159e+01
1.823583105133792515e+01
1.575868158956468434e+01
1.651604102360575155e+01
1.804846334112656336e+01
1.918522297879611926e+01
1.649194316000481919e+01
1.756064043374489003e+01
1.720640203937468016e+01
1.860042368029673199e+01
1.881748248771053511e+01
1.811828473982498267e+01
1.599267246529490194e+01
1.825640129289858749e+01
1.713547293613248357e+01
1.912833382573573715e+01
1.784334810847730424e+01
1.771497286432057905e+01
2.117510720037109806e+01
2.017979627633356543e+01
1.962048677736119373e+01
2.067666980737718418e+01
2.031355772827213357e+01
1.923611058742666557e+01
1.905058725497190153e+01
1.920676957938080776e+01
2.060859733910991665e+01
2.009746519011058652e+01
1.869229032656350142e+01
2.063265352978008593e+01
1.997164650821905951e+01
2.079052557709169946e+01
2.008007433167718148e+01
2.038761493845382944e+01
2.032034624017145319e+01
1.943255283976181502e+01
2.103409491547799348e+01
1.976725753284278397e+01
1.879403848951373845e+01
1.882695265219868119e+01
1.932418138824095166e+01
1.838910339398002236e+01
1.940021426826424999e+01
1.889447068506899896e+01
1.925481068706435650e+01
1.862431144808057226e+01
1.812575871731701938e+01
2.051787789377594251e+01
2.113260948582189869e+01
1.995654779003559653e+01
2.034028112432388014e+01
1.957361409167396005e+01
1.842767056119395974e+01
2.178275451950306163e+01
1.880753132361588342e+01
1.902725983558670819e+01
1.895594044653562804e+01
1.990037638803684317e+01
2.054313583039223090e+01
1.769386291114849996e+01
1.993939451075602065e+01
1.862294162503005523e+01
2.088008048732933375e+01
2.064301381228118615e+01
2.035773419368478088e+01
2.121770307307727776e+01
2.038623192807777329e+01
2.028080572569329121e+01
2.047029497250046859e+01
1.893812333627189659e+01
2.097215988220751726e+01
2.007253395118331341e+01
2.057918676600053942e+01
2.028370572656466919e+01
1.956633195145974824e+01
2.133308314439416620e+01
1.845318167806784970e+01
1.929455463533008341e+01
2.128859068503730256e+01
2.048889358276163364e+01
2.040096148158262679e+01
1.872836754642069579e+01
2.007974352725113221e+01
1.998357687600180910e+01
1.967855265978652568e+01
1.966144112844562031e+01
1.924420349568938349e+01
1.789524572767431465e+01
1.901912422567912131e+01
1.825965178526554666e+01
1.965485021718632197e+01
1.971974017101969068e+01
2.106199486945191879e+01
1.880448535016236633e+01
2.101487530647802160e+01
1.899591296945806107e+01
1.986452360820954510e+01
1.982761316545685304e+01
1.945896482361398938e+01
2.076364800743228756e+01
1.963201177914945816e+01
2.012992126412970606e+01
1.988796481751324663e+01
1.928661844804428327e+01
1.854883482116338911e+01
1.810748208081545840e+01
1.918416470844838173e+01
1.933349787019397681e+01
1.980755090214489300e+01
1.793401618719352086e+01
1.951434693827566491e+01
2.016214577821915910e+01
1.979093515685982752e+01
2.195581731810639070e+01
2.002950587056375653e+01
1.949391071566848055e+01
1.639060608878920888e+01
1.800122116698365105e+01
1.900219219704040796e+01
1.884185034896601252e+01
1.890535426290512433e+01
1.824251986945270687e+01
1.869921082870815709e+01
1.856034615025220091e+01
1.890647127055231991e+01
1.968304445086429055e+01
1.851999821886701625e+01
1.917216867792373947e+01
1.790480018244473470e+01
1.798733679641518890e+01
1.938793215256912461e+01
1.773691535405820829e+01
1.802426145408216485e+01
1.995709834363918489e+01
1.918994854980228837e+01
1.915217718537462233e+01
1.776647483918508996e+01
1.963376101528593054e+01
1.880792776690861601e+01
2.032617728654104283e+01
1.848526295123007301e+01
1.921905104706850054e+01
1.849754718394579811e+01
1.922087221686051350e+01
1.869111471387154211e+01
1.841641383097578100e+01
1.948109427209645972e+01
1.809036412406636884e+01
2.011014671305001045e+01
1.843039331134102810e+01
1.800903218200946299e+01
2.021224467733805596e+01
1.902312227357967700e+01
1.964767632814450948e+01
2.017274678538722554e+01
1.865678945082174067e+01
1.782252162384861549e+01
1.753758355938468227e+01
2.029093300488585783e+01
1.866036633424110391e+01
1.899814684614644378e+01
1.921245850635598984e+01
1.875943261152102082e+01
1.834739473153771883e+01
1.778294268708630099e+01
1.799742786061377586e+01
1.942643041869065001e+01
1.999088050526458460e+01
1.946742681351156179e+01
1.805159763477486479e+01
1.893123026373930884e+01
1.963159856828426442e+01
1.589155597909356565e+01
1.894705436647796049e+01
1.981500514577119887e+01
2.133084508714109617e+01
1.818487760806517173e+01
2.094282628275983882e+01
1.865178901165350922e+01
2.015734881859860650e+01
1.856977323547141978e+01
1.987218621632024806e+01
1.691794751659303486e+01
1.832398610512759873e+01
1.970002045320912032e+01
1.900162468866228238e+01
1.887867020849406430e+01
1.956350524880931019e+01
1.966350275350628607e+01
2.032551925018058014e+01
1.942622379908937802e+01
1.876843092606720020e+01
1.924268926789789447e+01
1.885912427111114553e+01
1.839516884717314582e+01
1.914085910995401107e+01
1.915260524427556277e+01
1.867018688081174460e+01
1.919293256688625249e+01
1.967574763524023140e+01
2.018999474770539848e+01
1.970231076549386628e+01
2.036018513653013429e+01
1.768357418327687824e+01
2.015552572371104390e+01
2.011065825382247851e+01
1.926929711181481508e+01
1.914824231698958812e+01
1.879958711115184045e+01
1.878942012109594017e+01
1.949790279918817859e+01
2.000739808287539034e+01
1.951881695565600339e+01
1.866449780269083192e+01
1.881984924584983077e+01
1.881968626253371468e+01
1.968351064120924931e+01
1.875592094393792664e+01
1.838446501629249852e+01
1.974546040397198254e+01
1.693715797196273343e+01
2.128924372880609539e+01
2.020386272060363808e+01
1.967632514531991461e+01
1.938243571216644412e+01
1.901025597717020688e+01
1.935135224252275776e+01
2.013469195056974925e+01
2.064003875511159691e+01
2.041192700755211931e+01
2.062823749312202892e+01
1.915832703537649095e+01
1.987950742391921821e+01
1.935194339253116169e+01
2.137668356521008661e+01
2.077462931658945777e+01
1.936817694615154295e+01
2.001162378056394076e+01
2.002594572770484405e+01
1.907952276443363360e+01
1.932922502263534170e+01
1.954045331899711258e+01
2.117363014764241669e+01
2.033492885479879320e+01
1.870026218846355803e+01
2.173900593022779759e+01
1.959876286610330709e+01
2.067982618714325227e+01
2.083030004071525454e+01
2.049002241003059410e+01
2.124655996169714811e+01
1.874682366326129568e+01
1.984198697983982029e+01
1.950675636507773092e+01
1.994016209778100546e+01
1.880401394303841300e+01
1.963635266832234549e+01
1.865863210688880613e+01
1.972071904350493199e+01
1.939480221303562857e+01
1.956539761640759068e+01
1.967596710764355095e+01
1.990583678211818608e+01
1.857106822315632044e+01
1.983525331188254981e+01
2.060258348846338095e+01
2.153479902477710439e+01
1.928826663721288170e+01
1.973590851917838407e+01
2.018588431132067029e+01
1.998282995208580815e+01
2.114398301583201700e+01
1.996900388373123292e+01
2.025417170873130246e+01
1.874863898642999871e+01
1.884065147199708079e+01
1.826239691829006517e+01
2.088552892220398860e+01
2.127735280022888631e+01
2.066016763611169438e+01
1.915037763300081153e+01
2.001339586016016625e+01
1.915388672705926609e+01
2.094960132839811706e+01
1.981409088772879912e+01
1.978342364414467980e+01
1.923244026822153074e+01
2.034861369517604501e+01
1.913527247787634167e+01
2.165923129905928590e+01
1.857891664688935052e+01
1.998807048860115287e+01
2.007210909289152312e+01
2.064002138709771472e+01
2.143487444852794965e+01
2.004613654374490750e+01
1.984215748091923714e+01
1.756570952856742807e+01
1.968433619978198124e+01
1.914960027293622957e+01
2.143485873524297602e+01
2.169490821995417562e+01
1.879227563121996880e+01
1.933161264343683428e+01
2.065873937331624433e+01
1.994398582285878163e+01
2.051564027912629484e+01
1.947837543945815497e+01
2.050768462722164642e+01
1.896933670331703681e+01
1.950765246792784779e+01
2.108557230454890430e+01
2.136781593682230351e+01
2.107922543253786429e+01
1.980820914025212431e+01
2.170542323384524508e+01
1.956973694738639935e+01
1.963725244294765915e+01
1.954163701803145159e+01
1.936315829737806382e+01
1.823367753532481572e+01
1.980605808647358757e+01
1.854165864997233371e+01
2.076053479152590597e+01
2.007125902435727482e+01
1.906189544177460959e+01
2.132013324724444203e+01
1.943476077084322284e+01
1.988584542355971863e+01
1.902088623060842920e+01
1.964518740322325741e+01
1.952967899405551577e+01
1.835984358247736381e+01
1.964756815725759864e+01
1.956306302711366740e+01
1.991213708925985770e+01
2.050364863018402062e+01
1.871333333696726697e+01
1.807664231771065744e+01
1.926987150039569840e+01
1.794224346663768443e+01
1.825970989219741014e+01
1.948217493469585904e+01
2.125013934870599641e+01
1.890516503458124120e+01
1.943105765004604990e+01
1.865053778323711242e+01
1.809031655367530789e+01
1.936204883021213874e+01
2.130077860920975397e+01
2.034404552802114097e+01
1.981539280472670228e+01
1.858760543335963433e+01
1.880324801717248562e+01
1.802387019678323199e+01
1.935740161095147371e+01
2.074870656853497763e+01
1.857921595728994646e+01
1.890972165752052092e+01
1.918220835856270057e+01
1.854083434316248713e+01
1.949351195015517391e+01
1.835138305788416702e+01
1.906920091700255426e+01
1.842487609280089700e+01
2.056690417736720633e+01
2.025309490814717961e+01
1.917783156478671103e+01
1.895438652308137506e+01
2.028345871816798862e+01
2.079257068299700606e+01
1.828201956636432257e+01
1.981958418423331025e+01
2.028808194890405758e+01
1.900580170654287926e+01
1.728242828939492881e+01
1.968321250777513498e+01
1.908006253903704774e+01
1.721139221800785890e+01
1.970756828894325352e+01
1.907271110731438313e+01
1.942516007265491496e+01
1.938352096442556416e+01
2.080022128645231660e+01
1.953370050666902102e+01
2.060640193678857912e+01
1.944433329247866737e+01
2.079571382896151732e+01
2.066786378946473235e+01
2.041409586082172112e+01
2.072854996516515769e+01
1.985524271679154396e+01
1.972318761152737920e+01
1.852649383451996457e+01
2.008154984915284302e+01
1.972071766748605626e+01
2.068299542707304184e+01
1.832277459445971246e+01
1.824130012373892740e+01
2.019687206077276187e+01
1.873236523211391358e+01
1.947255665824492255e+01
2.005336097059648637e+01
1.931440467653631998e+01
1.915211781912870137e+01
1.934256291421811014e+01
2.002087296236020464e+01
1.910591468242914814e+01
2.063899946091109072e+01
1.960787901503074337e+01
1.964335895032824197e+01
2.021323965538345035e+01
2.004242748941748786e+01
1.899484162999319992e+01
2.039590460893658630e+01
1.976795648385798998e+01
1.887457586455563785e+01
1.883761111948710010e+01
1.918287128174871015e+01
1.853998469080866229e+01
1.795789158545623465e+01
1.876407515199910137e+01
1.904127529176536981e+01
1.693427856068625559e+01
2.038828780669346230e+01
1.855369589268896746e+01
1.917894004733352986e+01
1.925603713811158357e+01
2.094580868646553995e+01
1.906232741267461961e+01
1.854121321198436689e+01
1.883549750352996810e+01
1.662779286823663227e+01
2.052755746591998331e+01
1.907224350915672773e+01
2.011257992509533921e+01
2.008256220228861366e+01
1.988680603833999427e+01
1.949188984746461983e+01
1.930036331934817184e+01
2.192282871674023426e+01
1.874968451642229894e+01
2.178573216644535293e+01
1.950352817765639557e+01
1.794394872834416788e+01
1.920511550247727683e+01
2.040288248084025469e+01
1.932775313732132361e+01
1.873276420918736918e+01
2.014687517078217383e+01
1.905336990013501364e+01
1.776900644110218508e+01
1.903900679182714839e+01
1.994010477887894339e+01
1.884570785226270573e+01
2.043863980328307051e+01
1.772175986455585672e+01
2.051507801400711628e+01
1.960190022526535714e+01
1.894298633338535964e+01
1.939921447228564944e+01
1.838976399535954798e+01
1.897422844939709208e+01
1.987234725849575412e+01
1.970366809381207318e+01
2.061267247785885459e+01
1.865520666189812005e+01
1.869345352935133420e+01
1.994106563725305392e+01
1.869253383554013581e+01
1.954794345972900160e+01
2.159862222463590342e+01
1.970989494799539443e+01
1.933898553913748586e+01
1.760177867999772872e+01
2.011352628637983031e+01
1.876973470767224583e+01
1.957501358236204680e+01
1.841521089258629473e+01
2.045200512295524220e+01
1.903741701527381380e+01
1.943803788752739337e+01
1.827200819895505290e+01
2.071651015810570584e+01
1.810883274642926111e+01
1.996695486565432986e+01
1.783804611652965377e+01
1.904101140950053050e+01
1.751298768085321811e+01
1.853190646287193744e+01
2.005693479059922524e+01
1.975966098346797040e+01
1.860978460530858669e+01
1.891710990506381407e+01
1.753211300040905130e+01
1.880394682140899931e+01
1.945038343023514216e+01
1.931139687345405065e+01
1.866892637604255611e+01
1.842525970662058654e+01
1.869021054603321375e+01
1.854378801625322382e+01
1.790018143170550502e+01
1.860788020425017208e+01
1.788558828450355875e+01
1.880648433176625289e+01
1.946911065805531393e+01
1.848343931844252097e+01
1.787102940249987526e+01
1.827806540061398621e+01
1.769146676350719360e+01
1.912245388402529045e+01
1.917772801187478748e+01
1.979068194910940193e+01
1.835994257628150805e+01
1.859354528951129382e+01
1.968202288117311483e+01
1.838361991896440628e+01
1.912562389537891150e+01
1.793394495873403116e+01
1.837679545145802962e+01
1.919016371273826493e+01
1.872432404775878112e+01
1.788055110588815566e+01
1.932108404680533198e+01
1.794311359384495930e+01
1.907715833836562069e+01
1.851942641342538920e+01
1.779040548129213661e+01
1.671914838609655263e+01
1.854702432279415802e+01
1.831911972282805223e+01
1.746585182886402166e+01
1.702401780531038611e+01
1.843898089491032266e+01
1.934219295659881510e+01
1.944657883207901605e+01
1.822874293460619555e+01
1.804811076001185555e+01
1.871225836413668375e+01
1.914083842494172316e+01
1.943757055515471066e+01
1.909618335524164223e+01
1.915049547032429444e+01
1.763843325399503215e+01
1.918474599200441588e+01
1.878263279314636591e+01
1.779994428831158970e+01
1.844401691064175708e+01
1.861084537645323422e+01
1.939491002278163734e+01
1.834822434505485944e+01
1.925860453934217276e+01
1.890293459242947094e+01
1.937932949351267808e+01
1.739315503193972035e+01
1.935832810855762531e+01
1.971569095835197771e+01
1.802069347956194534e+01
1.764482939971752984e+01
1.941097317903536634e+01
2.034050783815487051e+01
1.962983841035881838e+01
1.899063562417001449e+01
1.953777069976720071e+01
1.758779259777927706e+01
1.877064831541908063e+01
1.765611624612401442e+01
1.962940132316895614e+01
1.816093515854479534e+01
1.976137931499751588e+01
1.769552220069743242e+01
1.879105285346288667e+01
1.597909714133398218e+01
1.903013325761868302e+01
1.917293575264487515e+01
1.898926139663685575e+01
1.911995166285138836e+01
1.962886758496107475e+01
1.907804145177871646e+01
1.845470831458755967e+01
1.842787465899644417e+01
1.778014627649793766e+01
1.972501722528261681e+01
1.923218039689241010e+01
1.880400248216380632e+01
1.957507299582407967e+01
1.952441020011993089e+01
1.996467926002794968e+01
1.867569789683303227e+01
1.909386979555261732e+01
1.854185166974276200e+01
2.022433699762830983e+01
1.875642998803800054e+01
1.910078698624608506e+01
1.950064883205461896e+01
2.051414318118991886e+01
2.051180973267140217e+01
1.931182534381657234e+01
1.829788272527095927e+01
1.937405706399788130e+01
2.009662114268001787e+01
2.019317975886454875e+01
1.955442533746361278e+01
1.994675892054260302e+01
2.053421622229052801e+01
1.977099923059505571e+01
2.059030819190965289e+01
1.783733771249564981e+01
1.948413137559748165e+01
2.061976521177632193e+01
1.894253596577339138e+01
1.979899159271266740e+01
1.976468878670564067e+01
1.824236805769977465e+01
1.983725696468389543e+01
1.894821368855912169e+01
1.911318440746608971e+01
1.912111048705836680e+01
1.986227765925010758e+01
1.938708306789811786e+01
1.794840487892021130e+01
1.947742440101629668e+01
1.924578166767058818e+01
2.081736140233631005e+01
1.865472996065969014e+01
1.826091316941671749e+01
1.946479276794646651e+01
1.922033417314176873e+01
1.829379661709659644e+01
1.740653127687565771e+01
1.885622338233240569e+01
1.994778301468005210e+01
1.879508265541035783e+01
1.969416117328785631e+01
1.873454291151353246e+01
1.882757781271270758e+01
2.048442493468074943e+01
2.043410536518398857e+01
1.869703495958667006e+01
2.030403872655673680e+01
1.872949196867070398e+01
1.887184951926692733e+01
1.914199032783485777e+01
1.941766178122260200e+01
2.012077992132493165e+01
1.884042081296927407e+01
1.795609745139964275e+01
1.876323800672002307e+01
1.918305553788961859e+01
1.818917531807214871e+01
2.180638304558400620e+01
2.035046375007151909e+01
1.969055742444294310e+01
2.113845355398909476e+01
1.862470415960985548e+01
2.016800442403038574e+01
2.042609990011543530e+01
1.941061525812308375e+01
1.921480445623276978e+01
1.748110890717027388e+01
1.764859865747856560e+01
1.894527786869829100e+01
2.101081683064213834e+01
1.816748673758169730e+01
1.973873767394290724e+01
2.028690484616884859e+01
2.097527300883890433e+01
1.959996017918636113e+01
1.979932318524214452e+01
1.898475434108238602e+01
1.877429777299522584e+01
1.772145722305968718e+01
1.831907580728365303e+01
1.932135945515631903e+01
1.747508203890089007e+01
1.910967299986101153e+01
1.877260205076246891e+01
1.958385414129916668e+01
1.871222217972495372e+01
1.816679934993863910e+01
1.938300227238199014e+01
1.936971107392390579e+01
1.889003627899589688e+01
1.952694575309515557e+01
1.718403697096835359e+01
1.877507212701416250e+01
1.845820828225880561e+01
1.897908409823336129e+01
1.982646180602536035e+01
1.888173491389531833e+01
1.933948057679955213e+01
1.895157379700653522e+01
1.882626517721961434e+01
1.981213631265809383e+01
1.750679578178111484e+01
1.734152090227843246e+01
1.899580838161876528e+01
1.714002754586420352e+01
2.064301875823989363e+01
1.729732045546830932e+01
1.693762275865412548e+01
1.690164338556177626e+01
1.825321291571474447e+01
1.916827431584635022e+01
1.809168949148303085e+01
1.917053714738496595e+01
1.803490108832161809e+01
1.822028906153861527e+01
1.935219398768869681e+01
1.724623369429537334e+01
1.964196149242747680e+01
1.794182312849339311e+01
1.945453698906226947e+01
1.893011031277551126e+01
1.933743381283975538e+01
1.855321448056276878e+01
1.955717011171323705e+01
1.791625748366068294e+01
1.752845141684680641e+01
1.870532811530426187e+01
1.842655209940140182e+01
1.916449550636788501e+01
1.591428096516805546e+01
1.859050274412108195e+01
1.961925629536236215e+01
1.676509008910880993e+01
1.782611173516556846e+01
1.761102807908817525e+01
1.873718304333786477e+01
1.913740927521895330e+01
1.665166076720294797e+01
1.825151883801025576e+01
1.717347626382165870e+01
1.795044123589903151e+01
1.848478631621997081e+01
1.978846605385149715e+01
1.844438363949933546e+01
1.873951136072247436e+01
1.718097611157736537e+01
1.793234530922046588e+01
1.737126313164698033e+01
1.844038702919236528e+01
1.932583136197433049e+01
1.871902533581080874e+01
1.746468745044185056e+01
1.954576054546236463e+01
1.892243859310943321e+01
2.011223014813621290e+01
1.940385957660254235e+01
2.062254731078718706e+01
1.883591766164840564e+01
1.929729970061105959e+01
1.802024630233700009e+01
1.906741139989917144e+01
1.753563916342413265e+01
1.661577955767057801e+01
1.808487155030465843e+01
1.774889915212438041e+01
1.611080682869749481e+01
1.912037119152354947e+01
1.913308039010030370e+01
1.778343442533308405e+01
1.691973526288774110e+01
1.888680036521683547e+01
1.835113921701426065e+01
1.800862974366323854e+01
1.802331549419411871e+01
1.815545087620586528e+01
1.753018225194781365e+01
1.724429121720737257e+01
1.522511415680972746e+01
1.769382041334931444e+01
1.737345781053682003e+01
1.808128793426579506e+01
1.624150419292097425e+01
1.545171344417175696e+01
1.938539059904626427e+01
1.739249865429515651e+01
1.747153859177160840e+01
1.820214126244093933e+01
1.907109782924248975e+01
1.603095047142058505e+01
1.606136328141896641e+01
1.729665477933980711e+01
1.797158098238078594e+01
1.834451680005626528e+01
1.762423555963044564e+01
1.771737457286666739e+01
1.588851287064970741e+01
1.773469647314741593e+01
1.950229286615797619e+01
1.902168736866673981e+01
1.849606197850122413e+01
1.768488933760181681e+01
1.789034863199395886e+01
1.846552081140178814e+01
1.799017063390841287e+01
1.925855216857583940e+01
1.852881717791654026e+01
1.782722936776661271e+01
1.930745257659194891e+01
1.969953806748533509e+01
1.833283024488178015e+01
1.898194355263195376e+01
1.728101307977129508e+01
1.730670955298955604e+01
1.547166416526316901e+01
1.906944264583542648e+01
1.897031295593188815e+01
1.721747964589576796e+01
1.604021822009716303e+01
1.940660448245676051e+01
1.889688164961915362e+01
1.624299239959862007e+01
1.716600116219590433e+01
1.634637361125363597e+01
1.817572090807671970e+01
1.825325410702043527e+01
1.831426226971563764e+01
1.935165325181383267e+01
2.037233618929016643e+01
1.966120732894755818e+01
1.889157954762782055e+01
1.851669384901206428e+01
1.863577812433143421e+01
1.863815931398259806e+01
1.998475734211277910e+01
1.843670438412879875e+01
1.863954337769344960e+01
1.811519834818729535e+01
1.737330078909774400e+01
2.058206122568489960e+01
1.945688094895301745e+01
1.878996259768168997e+01
1.802398806635440565e+01
1.931774836006820451e+01
1.883391103353121210e+01
1.898364087206210726e+01
1.930617592009777184e+01
1.901907088404816193e+01
1.799423689800388004e+01
1.819888122465406965e+01
2.007207052514482015e+01
1.926633633582728322e+01
1.812745357420386938e+01
1.779631307693398057e+01
1.820458053656155428e+01
1.692316262555854323e+01
1.862273704757638271e+01
1.793348194066263446e+01
1.970635624200063774e+01
1.885353106937389711e+01
1.790089340636344417e+01
1.809236391132782273e+01
1.785221596589373760e+01
1.945471582030391389e+01
1.816219891198638337e+01
1.837459822469015336e+01
1.900978330314580944e+01
2.002569470455282996e+01
1.772885411750259621e+01
1.825890337944590414e+01
1.921034134582926356e+01
2.088110841379483418e+01
1.900287036841886135e+01
1.940064029203369955e+01
1.868474770625186920e+01
2.018934531082636141e+01
1.791503251672513741e+01
2.059715017270788451e+01
1.982613169080228488e+01
1.978646808587327044e+01
1.924952756148056565e+01
1.966730423511467052e+01
1.677558403405013365e+01
1.851181986408132474e+01
2.083571047652191766e+01
1.795216705808365276e+01
1.894065697614397337e+01
1.829373413589573971e+01
2.036522757299126596e+01
1.952601350812573955e+01
1.886060202929912677e+01
1.939974661929344180e+01
1.954390466229723700e+01
1.841818504577380722e+01
2.008699883347207660e+01
1.931674165725764425e+01
1.932524819284929762e+01
1.915798933506569313e+01
1.969109978459406562e+01
1.883298237625975702e+01
1.810369227632640587e+01
1.955312958739861529e+01
1.916907272230616499e+01
1.971467811130542458e+01
2.018049409470539501e+01
1.953539106858044505e+01
1.958458935413892021e+01
1.876641470585208893e+01
2.061718589678374869e+01
1.928737564413554750e+01
1.934205310665803523e+01
1.884639753434597864e+01
1.932792223839226864e+01
1.996089598917411223e+01
2.061810076000323022e+01
1.658153177908876330e+01
1.907311539028822622e+01
2.071518254468355025e+01
1.908750807183923115e+01
1.835266210007822352e+01
1.912864268174560323e+01
1.968754382388042501e+01
2.039294347074648783e+01
1.927210717533733231e+01
2.123767195190691837e+01
1.909712451141733425e+01
1.959741176118992811e+01
1.816345129785613111e+01
1.916553420079573655e+01
2.042721518631123701e+01
1.976160482446305267e+01
2.088144322497295136e+01
1.971278831317781410e+01
1.849900561288282574e+01
1.930442699547825924e+01
1.768897418793082110e+01
1.965356985112929422e+01
2.049895588335752095e+01
1.904423488623060834e+01
1.768494028492161618e+01
1.990524782364825995e+01
2.068375255179129013e+01
2.087066726230352032e+01
2.008982203859969218e+01
2.019712309204870593e+01
2.201060890723909580e+01
2.045829940551418602e+01
1.950222208791945278e+01
1.894596482401231796e+01
1.905485119073082956e+01
1.955129664442582182e+01
1.960259657983012360e+01
1.791588521466734818e+01
1.815311460772723251e+01
1.980538918623280153e+01
2.068988318865028120e+01
1.954175401042659743e+01
1.953437910081405704e+01
1.957047686397163488e+01
1.887349719239888302e+01
1.734804753975176794e+01
2.016738612887275650e+01
1.760603470233336054e+01
1.931523094142769281e+01
1.960174207493617970e+01
1.945545243517233303e+01
1.897815742457622079e+01
1.947159130678863903e+01
2.015963060701119502e+01
1.893743349261530540e+01
1.668083885636933772e+01
2.054624220781780863e+01
1.972765881604425431e+01
1.903554836729292532e+01
1.859963737078745893e+01
1.873833256797993485e+01
1.843334835251098625e+01
1.942945520788674685e+01
1.912330825512882626e+01
2.086251444458709159e+01
1.919984177735647535e+01
2.072390458190874085e+01
1.904274426668403919e+01
1.855600552783166890e+01
1.832774447070829638e+01
1.724162802846708331e+01
1.897598201624866832e+01
1.931389645311043424e+01
1.812771087857600349e+01
1.738295399111820672e+01
1.771668485895890655e+01
1.740128186656014009e+01
1.862583690368216693e+01
1.961642330043304838e+01
1.961039141586452317e+01
1.681264983479278996e+01
1.827268502590417754e+01
1.845678155154848454e+01
